0
8
8
5
5
5
0
8
8
21
2
2
24
20
7
8
8
12
24
8
8
0
5
5
0
2
5
4
0
5
8
5
24
2
2
0
2
0
1
1
1
1
1
24
24
24
8
4
4
4
4
4
8
4
8
8
8
0
5
5
0
5
5
2
24
8
0
5
5
0
0
8
1
2
2
1
0
8
2
2
2
4
8
24
8
4
2
4
2
24
8
0
5
5
-1
0
2
1
0
8
2
2
2
8
1
24
24
1
24
1
15
1
2
24
1
18
2
0
10
1
1
2
24
8
0
5
5
-1
0
2
1
0
8
2
4
0
14
1
0
5
4
1
0
4
4
4
4
4
8
24
8
0
5
-1
0
2
4
2
24
8
11
2
0
8
2
2
8
1
24
1
24
1
24
2
24
0
2
5
4
0
5
8
5
24
2
2
0
2
0
1
1
1
1
1
24
24
24
8
24
5
4
4
4
4
4
8
4
8
8
8
8
24
2
2
8
8
8
1
3
5
24
23
5
24
8
19
24
16
24
8
22
5
5
5
13
1
2
8
8
7
12
9
15
6
8
1
1
1
8
6
5
17
