4
4
7
1
39
4
4
4
7
8
4
39
26
4
1
1
1
6
1
4
39
18
4
3
26
1
1
4
4
3
0
5
8
6
3
5
8
3
0
3
6
3
3
3
3
8
3
6
3
-1
4
4
4
4
-1
7
39
26
3
1
26
26
5
4
5
5
6
1
1
5
36
6
2
4
-1
0
26
28
3
-1
3
3
7
7
6
4
4
4
5
23
26
26
0
30
-1
4
0
7
-1
26
4
8
5
6
-1
1
5
4
7
0
5
4
5
-1
3
3
3
3
0
39
0
-1
3
19
14
26
3
6
4
39
7
6
6
6
5
6
6
3
39
6
6
26
6
30
26
22
4
6
-1
9
0
5
26
11
5
11
7
4
1
7
5
1
6
0
1
1
-1
0
0
8
3
26
6
0
26
0
7
0
26
26
0
0
-1
0
3
3
39
39
-1
39
0
39
39
18
0
26
4
6
8
1
6
8
6
4
8
1
4
39
7
4
0
0
8
6
6
39
39
39
6
6
6
3
29
6
26
0
8
26
7
26
26
26
8
6
4
4
5
4
3
8
20
3
5
6
8
6
34
14
12
-1
5
8
8
26
8
26
3
6
30
5
3
6
8
4
6
7
7
7
7
7
7
7
7
7
4
7
23
7
26
16
6
4
26
4
25
3
33
26
4
1
26
17
39
39
21
8
39
15
1
4
5
4
1
8
7
0
9
2
5
35
8
3
7
0
4
0
31
1
3
1
1
39
10
5
10
-1
26
0
-1
32
26
39
5
32
8
26
4
4
26
1
26
5
8
4
6
5
6
0
0
8
3
8
3
3
0
3
14
24
5
38
0
6
8
8
8
8
13
6
26
26
37
38
0
-1
7
39
39
39
6
27
1
7
7
4
1
7
0
7
1
7
-1
0
7
39
7
23
26
3
7
7
39
1
3
