7
7
7
1
1
16
7
1
1
4
2
7
6
4
3
1
2
1
3
28
4
35
9
5
5
22
22
22
5
5
5
2
27
7
22
7
7
1
1
2
4
35
4
4
7
7
1
7
35
5
1
7
1
4
2
7
3
2
3
35
5
22
22
22
35
22
4
5
5
5
5
5
5
5
5
22
22
35
4
5
5
2
7
6
7
7
22
4
7
1
6
7
1
3
6
8
7
8
6
6
2
6
3
32
7
19
35
3
7
3
3
3
6
6
6
35
6
7
2
32
6
22
4
4
1
5
5
1
21
4
4
5
7
1
7
35
5
1
7
1
4
2
7
3
2
3
35
5
22
22
22
35
22
4
5
5
5
5
5
5
5
5
22
22
35
4
5
5
2
7
6
7
7
22
4
7
1
6
7
1
3
1
35
2
22
35
22
22
7
18
22
5
5
22
-1
5
22
7
7
34
4
35
3
13
35
22
4
2
7
28
3
25
2
4
22
3
22
22
31
22
5
5
22
22
22
22
22
22
15
22
22
22
3
4
33
5
24
-1
7
22
22
17
23
7
22
7
20
7
7
1
7
1
7
1
2
4
2
2
11
20
4
4
4
35
2
2
1
2
1
1
1
1
1
7
7
7
2
2
2
30
-1
7
22
4
5
2
5
5
2
10
6
6
9
26
-1
2
12
0
29
0
14
-1
7
4
35
4
3
7
35
2
4
2
27
3
3
6
2
3
3
7
35
2
3
4
5
6
4
2
3
3
3
22
35
3
35
3
6
3
3
6
2
3
3
7
35
2
3
4
5
6
4
2
3
3
3
22
35
3
35
3
2
6
