4
2
21
7
16
22
18
0
3
3
10
5
19
1
16
29
2
2
2
25
4
29
16
2
6
13
6
2
11
12
20
2
26
15
12
0
2
23
29
20
21
2
0
29
28
29
21
29
4
29
16
9
3
3
3
2
2
29
0
3
16
29
2
3
0
16
16
4
16
16
5
5
8
-1
3
5
0
5
4
29
4
14
4
16
16
16
16
2
1
16
2
5
0
0
29
3
2
0
2
0
3
0
0
0
24
3
3
3
3
2
2
29
0
3
16
29
2
3
0
16
16
16
4
16
5
5
29
8
-1
3
5
0
5
4
29
4
14
4
16
16
16
16
2
1
16
2
5
0
0
29
3
2
0
2
0
3
0
0
0
24
3
3
16
5
16
4
16
5
27
3
-1
0
-1
5
0
3
4
4
0
-1
0
3
5
5
5
2
-1
29
3
29
3
-1
1
-1
4
4
16
16
16
23
-1
16
1
29
16
16
1
1
16
-1
1
29
16
-1
1
16
0
16
5
16
4
16
-1
5
27
3
1
0
-1
5
0
3
4
4
0
-1
0
3
5
5
5
2
-1
29
1
29
3
-1
1
4
4
16
16
16
23
-1
16
1
29
16
16
1
1
16
-1
1
29
16
-1
1
16
0
3
3
2
2
2
17
29
4
4
3
0
22
8
4
3
3
4
5
5
5
3
4
4
29
4
5
5
29
14
