22
0
0
0
2
22
0
0
12
3
3
22
22
2
2
2
0
23
22
3
22
22
22
6
28
21
22
22
22
22
26
26
22
22
28
22
6
6
6
6
6
28
6
6
6
6
6
6
6
6
6
6
28
6
6
6
6
4
4
5
28
4
4
4
4
4
4
4
28
28
5
28
15
10
5
4
4
4
4
4
4
4
4
4
4
4
4
4
4
4
4
4
4
4
4
4
5
5
5
5
4
4
4
5
18
5
27
5
5
4
6
28
6
4
5
4
5
6
6
4
4
6
28
4
28
5
7
5
4
4
4
28
28
5
5
5
28
6
28
22
28
28
28
6
22
0
0
0
0
0
0
3
22
3
3
3
0
3
3
3
3
2
3
2
2
0
2
3
3
2
2
24
2
3
3
28
28
22
19
28
3
22
22
22
6
22
28
28
22
3
14
11
22
22
25
3
22
8
22
22
0
3
-1
22
-1
5
7
4
5
4
4
28
5
5
5
28
6
28
22
28
28
28
6
22
22
22
3
2
2
13
0
0
0
0
0
0
22
2
0
2
22
3
2
2
3
0
0
2
2
22
2
16
2
3
2
3
0
3
2
3
2
2
20
22
2
17
2
28
22
3
0
2
3
28
22
28
3
0
0
6
28
22
22
1
9
22
6
22
28
28
28
28
28
28
6
