27
5
2
0
4
5
0
5
5
0
5
2
0
3
5
0
14
1
1
3
1
3
4
0
2
6
0
0
1
2
2
1
2
4
6
27
3
5
5
0
1
0
13
1
3
4
0
2
6
2
2
1
1
4
6
27
4
3
-1
5
17
0
0
5
0
6
4
27
5
1
5
5
5
5
25
0
4
3
3
27
27
27
10
3
26
4
26
27
27
27
27
27
27
27
2
27
0
4
8
3
27
27
3
18
0
-1
1
3
18
19
27
27
2
5
1
2
3
4
22
7
27
5
2
0
4
5
0
5
5
0
5
2
0
3
5
0
14
1
1
3
1
3
4
0
2
6
0
0
1
2
2
1
2
4
6
27
5
2
0
4
5
0
5
5
0
5
2
0
3
1
1
3
1
3
4
0
2
6
0
0
1
2
2
1
2
4
6
27
5
2
0
4
5
0
5
5
0
5
2
0
3
1
1
3
1
3
4
0
2
6
0
0
1
2
2
1
2
4
6
27
1
4
26
20
16
1
27
3
18
18
27
11
1
27
3
16
24
3
1
3
27
6
6
3
27
27
21
27
27
27
27
6
4
4
4
12
6
5
2
1
-1
5
10
5
5
5
6
9
17
17
0
5
1
17
15
27
0
1
5
1
23
27
4
27
6
27
27
